    1.00000e+10     1.10127e+43    -2.19846e+43    -1.09719e+43
    2.00000e+10     1.10127e+43    -2.19851e+43    -1.09724e+43
    3.00000e+10     1.10127e+43    -2.19848e+43    -1.09721e+43
    4.00000e+10     1.10128e+43    -2.19841e+43    -1.09713e+43
    5.00000e+10     1.10128e+43    -2.19845e+43    -1.09717e+43
    6.00000e+10     1.10128e+43    -2.19849e+43    -1.09721e+43
    7.00000e+10     1.10128e+43    -2.19848e+43    -1.09720e+43
    8.00000e+10     1.10127e+43    -2.19843e+43    -1.09716e+43
    9.00000e+10     1.10127e+43    -2.19839e+43    -1.09712e+43
    1.00000e+11     1.10126e+43    -2.19840e+43    -1.09714e+43
    1.10000e+11     1.10125e+43    -2.19830e+43    -1.09705e+43
    1.20000e+11     1.10124e+43    -2.19830e+43    -1.09705e+43
    1.30000e+11     1.10123e+43    -2.19824e+43    -1.09700e+43
    1.40000e+11     1.10122e+43    -2.19820e+43    -1.09698e+43
    1.50000e+11     1.10121e+43    -2.19819e+43    -1.09698e+43
    1.60000e+11     1.10120e+43    -2.19811e+43    -1.09691e+43
    1.70000e+11     1.10119e+43    -2.19810e+43    -1.09691e+43
    1.80000e+11     1.10117e+43    -2.19801e+43    -1.09684e+43
    1.90000e+11     1.10116e+43    -2.19797e+43    -1.09681e+43
    2.00000e+11     1.10114e+43    -2.19794e+43    -1.09680e+43
    2.10000e+11     1.10112e+43    -2.19789e+43    -1.09677e+43
    2.20000e+11     1.10109e+43    -2.19784e+43    -1.09675e+43
    2.30000e+11     1.10106e+43    -2.19782e+43    -1.09676e+43
    2.40000e+11     1.10103e+43    -2.19773e+43    -1.09670e+43
    2.50000e+11     1.10099e+43    -2.19767e+43    -1.09668e+43
    2.60000e+11     1.10095e+43    -2.19757e+43    -1.09662e+43
    2.70000e+11     1.10091e+43    -2.19745e+43    -1.09654e+43
    2.80000e+11     1.10086e+43    -2.19736e+43    -1.09650e+43
    2.90000e+11     1.10081e+43    -2.19734e+43    -1.09653e+43
    3.00000e+11     1.10076e+43    -2.19726e+43    -1.09650e+43
    3.10000e+11     1.10071e+43    -2.19719e+43    -1.09649e+43
    3.20000e+11     1.10065e+43    -2.19716e+43    -1.09651e+43
    3.30000e+11     1.10059e+43    -2.19699e+43    -1.09640e+43
    3.40000e+11     1.10053e+43    -2.19693e+43    -1.09639e+43
    3.50000e+11     1.10047e+43    -2.19671e+43    -1.09624e+43
    3.60000e+11     1.10041e+43    -2.19660e+43    -1.09619e+43
    3.70000e+11     1.10034e+43    -2.19655e+43    -1.09621e+43
    3.80000e+11     1.10028e+43    -2.19636e+43    -1.09608e+43
    3.90000e+11     1.10021e+43    -2.19624e+43    -1.09603e+43
    4.00000e+11     1.10013e+43    -2.19615e+43    -1.09602e+43
    4.10000e+11     1.10006e+43    -2.19601e+43    -1.09595e+43
    4.20000e+11     1.09999e+43    -2.19588e+43    -1.09589e+43
    4.30000e+11     1.09991e+43    -2.19575e+43    -1.09584e+43
    4.40000e+11     1.09984e+43    -2.19564e+43    -1.09580e+43
    4.50000e+11     1.09977e+43    -2.19543e+43    -1.09566e+43
    4.60000e+11     1.09970e+43    -2.19532e+43    -1.09563e+43
    4.70000e+11     1.09962e+43    -2.19526e+43    -1.09564e+43
    4.80000e+11     1.09955e+43    -2.19511e+43    -1.09556e+43
    4.90000e+11     1.09947e+43    -2.19491e+43    -1.09544e+43
    5.00000e+11     1.09939e+43    -2.19476e+43    -1.09537e+43
    5.10000e+11     1.09930e+43    -2.19461e+43    -1.09531e+43
    5.20000e+11     1.09922e+43    -2.19446e+43    -1.09524e+43
    5.30000e+11     1.09914e+43    -2.19424e+43    -1.09510e+43
    5.40000e+11     1.09905e+43    -2.19409e+43    -1.09504e+43
    5.50000e+11     1.09897e+43    -2.19393e+43    -1.09496e+43
    5.60000e+11     1.09889e+43    -2.19373e+43    -1.09485e+43
    5.70000e+11     1.09881e+43    -2.19357e+43    -1.09476e+43
    5.80000e+11     1.09874e+43    -2.19339e+43    -1.09465e+43
    5.90000e+11     1.09867e+43    -2.19323e+43    -1.09457e+43
    6.00000e+11     1.09860e+43    -2.19308e+43    -1.09447e+43
    6.10000e+11     1.09855e+43    -2.19290e+43    -1.09436e+43
    6.20000e+11     1.09849e+43    -2.19274e+43    -1.09425e+43
    6.30000e+11     1.09845e+43    -2.19260e+43    -1.09416e+43
    6.40000e+11     1.09840e+43    -2.19246e+43    -1.09406e+43
    6.50000e+11     1.09836e+43    -2.19223e+43    -1.09388e+43
    6.60000e+11     1.09831e+43    -2.19203e+43    -1.09372e+43
    6.70000e+11     1.09827e+43    -2.19182e+43    -1.09355e+43
    6.80000e+11     1.09822e+43    -2.19161e+43    -1.09339e+43
    6.90000e+11     1.09817e+43    -2.19143e+43    -1.09326e+43
    7.00000e+11     1.09812e+43    -2.19122e+43    -1.09310e+43
    7.10000e+11     1.09806e+43    -2.19104e+43    -1.09298e+43
    7.20000e+11     1.09801e+43    -2.19083e+43    -1.09283e+43
    7.30000e+11     1.09795e+43    -2.19063e+43    -1.09268e+43
    7.40000e+11     1.09790e+43    -2.19046e+43    -1.09256e+43
    7.50000e+11     1.09785e+43    -2.19029e+43    -1.09244e+43
    7.60000e+11     1.09780e+43    -2.19009e+43    -1.09229e+43
    7.70000e+11     1.09776e+43    -2.18992e+43    -1.09216e+43
    7.80000e+11     1.09772e+43    -2.18969e+43    -1.09197e+43
    7.90000e+11     1.09768e+43    -2.18944e+43    -1.09176e+43
    8.00000e+11     1.09765e+43    -2.18919e+43    -1.09154e+43
    8.10000e+11     1.09761e+43    -2.18897e+43    -1.09135e+43
    8.20000e+11     1.09758e+43    -2.18875e+43    -1.09117e+43
    8.30000e+11     1.09755e+43    -2.18862e+43    -1.09107e+43
    8.40000e+11     1.09752e+43    -2.18845e+43    -1.09093e+43
    8.50000e+11     1.09750e+43    -2.18819e+43    -1.09069e+43
    8.60000e+11     1.09747e+43    -2.18794e+43    -1.09047e+43
    8.70000e+11     1.09745e+43    -2.18772e+43    -1.09027e+43
    8.80000e+11     1.09743e+43    -2.18751e+43    -1.09008e+43
    8.90000e+11     1.09740e+43    -2.18730e+43    -1.08990e+43
    9.00000e+11     1.09738e+43    -2.18713e+43    -1.08974e+43
    9.10000e+11     1.09737e+43    -2.18687e+43    -1.08951e+43
    9.20000e+11     1.09735e+43    -2.18659e+43    -1.08924e+43
    9.30000e+11     1.09733e+43    -2.18634e+43    -1.08901e+43
    9.40000e+11     1.09732e+43    -2.18608e+43    -1.08876e+43
    9.50000e+11     1.09730e+43    -2.18580e+43    -1.08850e+43
    9.60000e+11     1.09728e+43    -2.18556e+43    -1.08828e+43
    9.70000e+11     1.09727e+43    -2.18528e+43    -1.08801e+43
    9.80000e+11     1.09726e+43    -2.18500e+43    -1.08775e+43
    9.90000e+11     1.09726e+43    -2.18474e+43    -1.08749e+43
    1.00000e+12     1.09727e+43    -2.18452e+43    -1.08725e+43
    1.01000e+12     1.09728e+43    -2.18425e+43    -1.08697e+43
    1.02000e+12     1.09731e+43    -2.18400e+43    -1.08669e+43
    1.03000e+12     1.09734e+43    -2.18378e+43    -1.08644e+43
    1.04000e+12     1.09738e+43    -2.18349e+43    -1.08611e+43
    1.05000e+12     1.09742e+43    -2.18326e+43    -1.08583e+43
    1.06000e+12     1.09748e+43    -2.18301e+43    -1.08554e+43
    1.07000e+12     1.09754e+43    -2.18265e+43    -1.08511e+43
    1.08000e+12     1.09761e+43    -2.18236e+43    -1.08475e+43
    1.09000e+12     1.09769e+43    -2.18209e+43    -1.08440e+43
    1.10000e+12     1.09778e+43    -2.18183e+43    -1.08404e+43
    1.11000e+12     1.09789e+43    -2.18158e+43    -1.08369e+43
    1.12000e+12     1.09801e+43    -2.18129e+43    -1.08328e+43
    1.13000e+12     1.09814e+43    -2.18107e+43    -1.08292e+43
    1.14000e+12     1.09827e+43    -2.18079e+43    -1.08251e+43
    1.15000e+12     1.09840e+43    -2.18048e+43    -1.08208e+43
    1.16000e+12     1.09852e+43    -2.18019e+43    -1.08167e+43
    1.17000e+12     1.09863e+43    -2.17987e+43    -1.08125e+43
    1.18000e+12     1.09873e+43    -2.17956e+43    -1.08083e+43
    1.19000e+12     1.09881e+43    -2.17924e+43    -1.08043e+43
    1.20000e+12     1.09887e+43    -2.17892e+43    -1.08004e+43
    1.21000e+12     1.09891e+43    -2.17861e+43    -1.07969e+43
    1.22000e+12     1.09894e+43    -2.17834e+43    -1.07940e+43
    1.23000e+12     1.09896e+43    -2.17798e+43    -1.07902e+43
    1.24000e+12     1.09897e+43    -2.17768e+43    -1.07871e+43
    1.25000e+12     1.09898e+43    -2.17735e+43    -1.07837e+43
    1.26000e+12     1.09900e+43    -2.17707e+43    -1.07807e+43
    1.27000e+12     1.09903e+43    -2.17672e+43    -1.07770e+43
    1.28000e+12     1.09907e+43    -2.17642e+43    -1.07735e+43
    1.29000e+12     1.09914e+43    -2.17610e+43    -1.07696e+43
    1.30000e+12     1.09923e+43    -2.17581e+43    -1.07658e+43
    1.31000e+12     1.09936e+43    -2.17561e+43    -1.07625e+43
    1.32000e+12     1.09951e+43    -2.17530e+43    -1.07579e+43
    1.33000e+12     1.09967e+43    -2.17502e+43    -1.07535e+43
    1.34000e+12     1.09985e+43    -2.17466e+43    -1.07481e+43
    1.35000e+12     1.10004e+43    -2.17434e+43    -1.07430e+43
    1.36000e+12     1.10024e+43    -2.17396e+43    -1.07373e+43
    1.37000e+12     1.10043e+43    -2.17362e+43    -1.07319e+43
    1.38000e+12     1.10062e+43    -2.17327e+43    -1.07265e+43
    1.39000e+12     1.10081e+43    -2.17287e+43    -1.07207e+43
    1.40000e+12     1.10099e+43    -2.17254e+43    -1.07156e+43
    1.41000e+12     1.10116e+43    -2.17219e+43    -1.07103e+43
    1.42000e+12     1.10132e+43    -2.17189e+43    -1.07057e+43
    1.43000e+12     1.10147e+43    -2.17154e+43    -1.07006e+43
    1.44000e+12     1.10161e+43    -2.17117e+43    -1.06956e+43
    1.45000e+12     1.10174e+43    -2.17079e+43    -1.06905e+43
    1.46000e+12     1.10185e+43    -2.17045e+43    -1.06859e+43
    1.47000e+12     1.10196e+43    -2.17016e+43    -1.06820e+43
    1.48000e+12     1.10206e+43    -2.16983e+43    -1.06777e+43
    1.49000e+12     1.10215e+43    -2.16946e+43    -1.06731e+43
    1.50000e+12     1.10225e+43    -2.16909e+43    -1.06684e+43
    1.51000e+12     1.10235e+43    -2.16878e+43    -1.06643e+43
    1.52000e+12     1.10247e+43    -2.16844e+43    -1.06597e+43
    1.53000e+12     1.10259e+43    -2.16806e+43    -1.06546e+43
    1.54000e+12     1.10274e+43    -2.16770e+43    -1.06496e+43
    1.55000e+12     1.10288e+43    -2.16726e+43    -1.06437e+43
    1.56000e+12     1.10303e+43    -2.16687e+43    -1.06384e+43
    1.57000e+12     1.10319e+43    -2.16647e+43    -1.06328e+43
    1.58000e+12     1.10335e+43    -2.16608e+43    -1.06273e+43
    1.59000e+12     1.10351e+43    -2.16568e+43    -1.06217e+43
    1.60000e+12     1.10366e+43    -2.16527e+43    -1.06161e+43
    1.61000e+12     1.10381e+43    -2.16487e+43    -1.06106e+43
    1.62000e+12     1.10395e+43    -2.16449e+43    -1.06054e+43
    1.63000e+12     1.10408e+43    -2.16408e+43    -1.06000e+43
    1.64000e+12     1.10419e+43    -2.16367e+43    -1.05948e+43
    1.65000e+12     1.10430e+43    -2.16329e+43    -1.05899e+43
    1.66000e+12     1.10439e+43    -2.16293e+43    -1.05853e+43
    1.67000e+12     1.10448e+43    -2.16251e+43    -1.05803e+43
    1.68000e+12     1.10456e+43    -2.16206e+43    -1.05750e+43
    1.69000e+12     1.10462e+43    -2.16162e+43    -1.05700e+43
    1.70000e+12     1.10469e+43    -2.16120e+43    -1.05651e+43
    1.71000e+12     1.10474e+43    -2.16074e+43    -1.05600e+43
    1.72000e+12     1.10479e+43    -2.16031e+43    -1.05552e+43
    1.73000e+12     1.10484e+43    -2.15987e+43    -1.05503e+43
    1.74000e+12     1.10488e+43    -2.15949e+43    -1.05461e+43
    1.75000e+12     1.10492e+43    -2.15913e+43    -1.05421e+43
    1.76000e+12     1.10498e+43    -2.15869e+43    -1.05370e+43
    1.77000e+12     1.10506e+43    -2.15822e+43    -1.05316e+43
    1.78000e+12     1.10516e+43    -2.15779e+43    -1.05262e+43
    1.79000e+12     1.10528e+43    -2.15737e+43    -1.05208e+43
    1.80000e+12     1.10543e+43    -2.15695e+43    -1.05152e+43
    1.81000e+12     1.10559e+43    -2.15649e+43    -1.05090e+43
    1.82000e+12     1.10577e+43    -2.15601e+43    -1.05024e+43
    1.83000e+12     1.10597e+43    -2.15557e+43    -1.04960e+43
    1.84000e+12     1.10619e+43    -2.15516e+43    -1.04897e+43
    1.85000e+12     1.10643e+43    -2.15473e+43    -1.04831e+43
    1.86000e+12     1.10669e+43    -2.15428e+43    -1.04759e+43
    1.87000e+12     1.10698e+43    -2.15384e+43    -1.04686e+43
    1.88000e+12     1.10728e+43    -2.15339e+43    -1.04610e+43
    1.89000e+12     1.10760e+43    -2.15300e+43    -1.04539e+43
    1.90000e+12     1.10794e+43    -2.15263e+43    -1.04469e+43
    1.91000e+12     1.10829e+43    -2.15220e+43    -1.04391e+43
    1.92000e+12     1.10864e+43    -2.15165e+43    -1.04301e+43
    1.93000e+12     1.10901e+43    -2.15119e+43    -1.04218e+43
    1.94000e+12     1.10938e+43    -2.15076e+43    -1.04138e+43
    1.95000e+12     1.10974e+43    -2.15033e+43    -1.04059e+43
    1.96000e+12     1.11008e+43    -2.14988e+43    -1.03981e+43
    1.97000e+12     1.11039e+43    -2.14948e+43    -1.03908e+43
    1.98000e+12     1.11068e+43    -2.14896e+43    -1.03829e+43
    1.99000e+12     1.11093e+43    -2.14848e+43    -1.03756e+43
    2.00000e+12     1.11114e+43    -2.14799e+43    -1.03685e+43
    2.01000e+12     1.11132e+43    -2.14756e+43    -1.03623e+43
    2.02000e+12     1.11147e+43    -2.14705e+43    -1.03558e+43
    2.03000e+12     1.11159e+43    -2.14657e+43    -1.03498e+43
    2.04000e+12     1.11168e+43    -2.14611e+43    -1.03442e+43
    2.05000e+12     1.11178e+43    -2.14566e+43    -1.03389e+43
    2.06000e+12     1.11188e+43    -2.14517e+43    -1.03330e+43
    2.07000e+12     1.11198e+43    -2.14466e+43    -1.03268e+43
    2.08000e+12     1.11210e+43    -2.14420e+43    -1.03209e+43
    2.09000e+12     1.11224e+43    -2.14370e+43    -1.03146e+43
    2.10000e+12     1.11240e+43    -2.14322e+43    -1.03082e+43
    2.11000e+12     1.11259e+43    -2.14272e+43    -1.03013e+43
    2.12000e+12     1.11282e+43    -2.14220e+43    -1.02938e+43
    2.13000e+12     1.11310e+43    -2.14169e+43    -1.02860e+43
    2.14000e+12     1.11342e+43    -2.14114e+43    -1.02772e+43
    2.15000e+12     1.11379e+43    -2.14064e+43    -1.02685e+43
    2.16000e+12     1.11421e+43    -2.14018e+43    -1.02597e+43
    2.17000e+12     1.11467e+43    -2.13971e+43    -1.02503e+43
    2.18000e+12     1.11518e+43    -2.13924e+43    -1.02406e+43
    2.19000e+12     1.11573e+43    -2.13884e+43    -1.02311e+43
    2.20000e+12     1.11633e+43    -2.13821e+43    -1.02188e+43
    2.21000e+12     1.11696e+43    -2.13772e+43    -1.02077e+43
    2.22000e+12     1.11761e+43    -2.13721e+43    -1.01960e+43
    2.23000e+12     1.11828e+43    -2.13671e+43    -1.01844e+43
    2.24000e+12     1.11896e+43    -2.13621e+43    -1.01725e+43
    2.25000e+12     1.11964e+43    -2.13576e+43    -1.01612e+43
    2.26000e+12     1.12033e+43    -2.13517e+43    -1.01484e+43
    2.27000e+12     1.12101e+43    -2.13463e+43    -1.01362e+43
    2.28000e+12     1.12167e+43    -2.13409e+43    -1.01242e+43
    2.29000e+12     1.12233e+43    -2.13361e+43    -1.01128e+43
    2.30000e+12     1.12298e+43    -2.13310e+43    -1.01012e+43
    2.31000e+12     1.12364e+43    -2.13253e+43    -1.00889e+43
    2.32000e+12     1.12430e+43    -2.13199e+43    -1.00769e+43
    2.33000e+12     1.12496e+43    -2.13144e+43    -1.00648e+43
    2.34000e+12     1.12561e+43    -2.13092e+43    -1.00532e+43
    2.35000e+12     1.12626e+43    -2.13047e+43    -1.00421e+43
    2.36000e+12     1.12691e+43    -2.12993e+43    -1.00302e+43
    2.37000e+12     1.12755e+43    -2.12947e+43    -1.00192e+43
    2.38000e+12     1.12819e+43    -2.12891e+43    -1.00072e+43
    2.39000e+12     1.12881e+43    -2.12838e+43    -9.99568e+42
    2.40000e+12     1.12942e+43    -2.12781e+43    -9.98399e+42
    2.41000e+12     1.13001e+43    -2.12735e+43    -9.97337e+42
    2.42000e+12     1.13059e+43    -2.12684e+43    -9.96250e+42
    2.43000e+12     1.13115e+43    -2.12632e+43    -9.95173e+42
    2.44000e+12     1.13167e+43    -2.12581e+43    -9.94135e+42
    2.45000e+12     1.13216e+43    -2.12531e+43    -9.93145e+42
    2.46000e+12     1.13264e+43    -2.12479e+43    -9.92150e+42
    2.47000e+12     1.13312e+43    -2.12422e+43    -9.91107e+42
    2.48000e+12     1.13361e+43    -2.12371e+43    -9.90104e+42
    2.49000e+12     1.13409e+43    -2.12318e+43    -9.89090e+42
    2.50000e+12     1.13456e+43    -2.12269e+43    -9.88131e+42
    2.51000e+12     1.13500e+43    -2.12216e+43    -9.87159e+42
    2.52000e+12     1.13540e+43    -2.12163e+43    -9.86229e+42
    2.53000e+12     1.13578e+43    -2.12115e+43    -9.85370e+42
    2.54000e+12     1.13612e+43    -2.12062e+43    -9.84493e+42
    2.55000e+12     1.13645e+43    -2.12011e+43    -9.83653e+42
    2.56000e+12     1.13676e+43    -2.11970e+43    -9.82945e+42
    2.57000e+12     1.13704e+43    -2.11918e+43    -9.82140e+42
    2.58000e+12     1.13733e+43    -2.11862e+43    -9.81290e+42
    2.59000e+12     1.13765e+43    -2.11816e+43    -9.80511e+42
    2.60000e+12     1.13798e+43    -2.11762e+43    -9.79636e+42
    2.61000e+12     1.13832e+43    -2.11708e+43    -9.78755e+42
    2.62000e+12     1.13867e+43    -2.11659e+43    -9.77921e+42
    2.63000e+12     1.13903e+43    -2.11612e+43    -9.77092e+42
    2.64000e+12     1.13938e+43    -2.11560e+43    -9.76217e+42
    2.65000e+12     1.13971e+43    -2.11513e+43    -9.75417e+42
    2.66000e+12     1.14002e+43    -2.11464e+43    -9.74620e+42
    2.67000e+12     1.14030e+43    -2.11416e+43    -9.73859e+42
    2.68000e+12     1.14054e+43    -2.11373e+43    -9.73197e+42
    2.69000e+12     1.14074e+43    -2.11331e+43    -9.72568e+42
    2.70000e+12     1.14090e+43    -2.11270e+43    -9.71797e+42
    2.71000e+12     1.14104e+43    -2.11217e+43    -9.71135e+42
    2.72000e+12     1.14117e+43    -2.11165e+43    -9.70484e+42
    2.73000e+12     1.14130e+43    -2.11120e+43    -9.69899e+42
    2.74000e+12     1.14147e+43    -2.11075e+43    -9.69284e+42
    2.75000e+12     1.14168e+43    -2.11025e+43    -9.68566e+42
    2.76000e+12     1.14196e+43    -2.10975e+43    -9.67783e+42
    2.77000e+12     1.14231e+43    -2.10928e+43    -9.66974e+42
    2.78000e+12     1.14273e+43    -2.10879e+43    -9.66058e+42
    2.79000e+12     1.14322e+43    -2.10830e+43    -9.65088e+42
    2.80000e+12     1.14378e+43    -2.10780e+43    -9.64016e+42
    2.81000e+12     1.14442e+43    -2.10731e+43    -9.62889e+42
    2.82000e+12     1.14514e+43    -2.10683e+43    -9.61693e+42
    2.83000e+12     1.14593e+43    -2.10632e+43    -9.60383e+42
    2.84000e+12     1.14681e+43    -2.10575e+43    -9.58941e+42
    2.85000e+12     1.14776e+43    -2.10522e+43    -9.57462e+42
    2.86000e+12     1.14875e+43    -2.10473e+43    -9.55974e+42
    2.87000e+12     1.14979e+43    -2.10427e+43    -9.54478e+42
    2.88000e+12     1.15089e+43    -2.10381e+43    -9.52915e+42
    2.89000e+12     1.15205e+43    -2.10336e+43    -9.51308e+42
    2.90000e+12     1.15327e+43    -2.10291e+43    -9.49637e+42
    2.91000e+12     1.15453e+43    -2.10244e+43    -9.47907e+42
    2.92000e+12     1.15583e+43    -2.10196e+43    -9.46130e+42
    2.93000e+12     1.15717e+43    -2.10150e+43    -9.44329e+42
    2.94000e+12     1.15853e+43    -2.10104e+43    -9.42511e+42
    2.95000e+12     1.15991e+43    -2.10065e+43    -9.40731e+42
    2.96000e+12     1.16132e+43    -2.10015e+43    -9.38822e+42
    2.97000e+12     1.16275e+43    -2.09971e+43    -9.36958e+42
    2.98000e+12     1.16421e+43    -2.09917e+43    -9.34961e+42
    2.99000e+12     1.16567e+43    -2.09868e+43    -9.33010e+42
    3.00000e+12     1.16714e+43    -2.09823e+43    -9.31092e+42
    3.01000e+12     1.16860e+43    -2.09778e+43    -9.29186e+42
    3.02000e+12     1.17002e+43    -2.09737e+43    -9.27355e+42
    3.03000e+12     1.17139e+43    -2.09692e+43    -9.25531e+42
    3.04000e+12     1.17270e+43    -2.09650e+43    -9.23800e+42
    3.05000e+12     1.17393e+43    -2.09606e+43    -9.22132e+42
    3.06000e+12     1.17509e+43    -2.09561e+43    -9.20516e+42
    3.07000e+12     1.17618e+43    -2.09515e+43    -9.18967e+42
    3.08000e+12     1.17721e+43    -2.09471e+43    -9.17501e+42
    3.09000e+12     1.17817e+43    -2.09430e+43    -9.16128e+42
    3.10000e+12     1.17908e+43    -2.09392e+43    -9.14840e+42
    3.11000e+12     1.17995e+43    -2.09348e+43    -9.13534e+42
    3.12000e+12     1.18078e+43    -2.09303e+43    -9.12256e+42
    3.13000e+12     1.18156e+43    -2.09259e+43    -9.11027e+42
    3.14000e+12     1.18230e+43    -2.09217e+43    -9.09868e+42
    3.15000e+12     1.18301e+43    -2.09174e+43    -9.08734e+42
    3.16000e+12     1.18368e+43    -2.09132e+43    -9.07642e+42
    3.17000e+12     1.18435e+43    -2.09083e+43    -9.06475e+42
    3.18000e+12     1.18502e+43    -2.09040e+43    -9.05382e+42
    3.19000e+12     1.18570e+43    -2.08993e+43    -9.04236e+42
    3.20000e+12     1.18638e+43    -2.08952e+43    -9.03140e+42
    3.21000e+12     1.18707e+43    -2.08907e+43    -9.02002e+42
    3.22000e+12     1.18779e+43    -2.08868e+43    -9.00892e+42
    3.23000e+12     1.18853e+43    -2.08823e+43    -8.99701e+42
    3.24000e+12     1.18930e+43    -2.08781e+43    -8.98510e+42
    3.25000e+12     1.19009e+43    -2.08736e+43    -8.97276e+42
    3.26000e+12     1.19090e+43    -2.08690e+43    -8.96002e+42
    3.27000e+12     1.19172e+43    -2.08651e+43    -8.94787e+42
    3.28000e+12     1.19254e+43    -2.08610e+43    -8.93558e+42
    3.29000e+12     1.19336e+43    -2.08570e+43    -8.92339e+42
    3.30000e+12     1.19418e+43    -2.08525e+43    -8.91078e+42
    3.31000e+12     1.19499e+43    -2.08484e+43    -8.89846e+42
    3.32000e+12     1.19580e+43    -2.08443e+43    -8.88629e+42
    3.33000e+12     1.19659e+43    -2.08402e+43    -8.87429e+42
    3.34000e+12     1.19737e+43    -2.08360e+43    -8.86230e+42
    3.35000e+12     1.19813e+43    -2.08321e+43    -8.85078e+42
    3.36000e+12     1.19886e+43    -2.08284e+43    -8.83985e+42
    3.37000e+12     1.19957e+43    -2.08246e+43    -8.82882e+42
    3.38000e+12     1.20027e+43    -2.08209e+43    -8.81812e+42
    3.39000e+12     1.20094e+43    -2.08172e+43    -8.80774e+42
    3.40000e+12     1.20157e+43    -2.08142e+43    -8.79850e+42
    3.41000e+12     1.20216e+43    -2.08107e+43    -8.78906e+42
    3.42000e+12     1.20272e+43    -2.08063e+43    -8.77917e+42
    3.43000e+12     1.20324e+43    -2.08023e+43    -8.76993e+42
    3.44000e+12     1.20375e+43    -2.07990e+43    -8.76148e+42
    3.45000e+12     1.20426e+43    -2.07953e+43    -8.75264e+42
    3.46000e+12     1.20480e+43    -2.07916e+43    -8.74359e+42
    3.47000e+12     1.20538e+43    -2.07874e+43    -8.73365e+42
    3.48000e+12     1.20600e+43    -2.07833e+43    -8.72327e+42
    3.49000e+12     1.20669e+43    -2.07795e+43    -8.71257e+42
    3.50000e+12     1.20746e+43    -2.07759e+43    -8.70125e+42
    3.51000e+12     1.20833e+43    -2.07720e+43    -8.68868e+42
    3.52000e+12     1.20930e+43    -2.07684e+43    -8.67548e+42
    3.53000e+12     1.21035e+43    -2.07646e+43    -8.66117e+42
    3.54000e+12     1.21148e+43    -2.07613e+43    -8.64652e+42
    3.55000e+12     1.21269e+43    -2.07574e+43    -8.63048e+42
    3.56000e+12     1.21398e+43    -2.07532e+43    -8.61341e+42
    3.57000e+12     1.21533e+43    -2.07498e+43    -8.59649e+42
    3.58000e+12     1.21672e+43    -2.07461e+43    -8.57884e+42
    3.59000e+12     1.21813e+43    -2.07424e+43    -8.56103e+42
    3.60000e+12     1.21957e+43    -2.07390e+43    -8.54331e+42
    3.61000e+12     1.22103e+43    -2.07355e+43    -8.52518e+42
    3.62000e+12     1.22252e+43    -2.07321e+43    -8.50689e+42
    3.63000e+12     1.22402e+43    -2.07289e+43    -8.48866e+42
    3.64000e+12     1.22552e+43    -2.07256e+43    -8.47041e+42
    3.65000e+12     1.22700e+43    -2.07221e+43    -8.45210e+42
    3.66000e+12     1.22845e+43    -2.07185e+43    -8.43399e+42
    3.67000e+12     1.22989e+43    -2.07154e+43    -8.41653e+42
    3.68000e+12     1.23131e+43    -2.07118e+43    -8.39871e+42
    3.69000e+12     1.23272e+43    -2.07083e+43    -8.38108e+42
    3.70000e+12     1.23413e+43    -2.07052e+43    -8.36392e+42
    3.71000e+12     1.23554e+43    -2.07023e+43    -8.34695e+42
    3.72000e+12     1.23697e+43    -2.06990e+43    -8.32931e+42
    3.73000e+12     1.23843e+43    -2.06960e+43    -8.31162e+42
    3.74000e+12     1.23991e+43    -2.06931e+43    -8.29404e+42
    3.75000e+12     1.24138e+43    -2.06896e+43    -8.27577e+42
    3.76000e+12     1.24287e+43    -2.06865e+43    -8.25777e+42
    3.77000e+12     1.24437e+43    -2.06836e+43    -8.23989e+42
    3.78000e+12     1.24591e+43    -2.06802e+43    -8.22109e+42
    3.79000e+12     1.24750e+43    -2.06771e+43    -8.20210e+42
    3.80000e+12     1.24915e+43    -2.06745e+43    -8.18300e+42
    3.81000e+12     1.25089e+43    -2.06712e+43    -8.16226e+42
    3.82000e+12     1.25273e+43    -2.06679e+43    -8.14061e+42
    3.83000e+12     1.25462e+43    -2.06648e+43    -8.11863e+42
    3.84000e+12     1.25655e+43    -2.06623e+43    -8.09687e+42
    3.85000e+12     1.25848e+43    -2.06596e+43    -8.07481e+42
    3.86000e+12     1.26042e+43    -2.06575e+43    -8.05333e+42
    3.87000e+12     1.26234e+43    -2.06549e+43    -8.03143e+42
    3.88000e+12     1.26427e+43    -2.06517e+43    -8.00898e+42
    3.89000e+12     1.26621e+43    -2.06491e+43    -7.98701e+42
    3.90000e+12     1.26816e+43    -2.06462e+43    -7.96452e+42
    3.91000e+12     1.27014e+43    -2.06435e+43    -7.94206e+42
    3.92000e+12     1.27212e+43    -2.06408e+43    -7.91954e+42
    3.93000e+12     1.27410e+43    -2.06381e+43    -7.89711e+42
    3.94000e+12     1.27607e+43    -2.06355e+43    -7.87481e+42
    3.95000e+12     1.27805e+43    -2.06333e+43    -7.85283e+42
    3.96000e+12     1.28006e+43    -2.06303e+43    -7.82971e+42
    3.97000e+12     1.28214e+43    -2.06275e+43    -7.80611e+42
    3.98000e+12     1.28432e+43    -2.06254e+43    -7.78223e+42
    3.99000e+12     1.28663e+43    -2.06234e+43    -7.75711e+42
    4.00000e+12     1.28906e+43    -2.06207e+43    -7.73007e+42
    4.01000e+12     1.29159e+43    -2.06186e+43    -7.70272e+42
    4.02000e+12     1.29414e+43    -2.06159e+43    -7.67452e+42
    4.03000e+12     1.29662e+43    -2.06135e+43    -7.64732e+42
    4.04000e+12     1.29897e+43    -2.06112e+43    -7.62145e+42
    4.05000e+12     1.30116e+43    -2.06088e+43    -7.59718e+42
    4.06000e+12     1.30313e+43    -2.06069e+43    -7.57554e+42
    4.07000e+12     1.30486e+43    -2.06054e+43    -7.55680e+42
    4.08000e+12     1.30631e+43    -2.06031e+43    -7.53998e+42
    4.09000e+12     1.30753e+43    -2.06011e+43    -7.52584e+42
    4.10000e+12     1.30857e+43    -2.05989e+43    -7.51321e+42
    4.11000e+12     1.30953e+43    -2.05964e+43    -7.50109e+42
    4.12000e+12     1.31048e+43    -2.05941e+43    -7.48923e+42
    4.13000e+12     1.31149e+43    -2.05920e+43    -7.47713e+42
    4.14000e+12     1.31257e+43    -2.05900e+43    -7.46423e+42
    4.15000e+12     1.31375e+43    -2.05880e+43    -7.45046e+42
    4.16000e+12     1.31504e+43    -2.05861e+43    -7.43571e+42
    4.17000e+12     1.31644e+43    -2.05845e+43    -7.42007e+42
    4.18000e+12     1.31794e+43    -2.05826e+43    -7.40321e+42
    4.19000e+12     1.31954e+43    -2.05809e+43    -7.38554e+42
    4.20000e+12     1.32124e+43    -2.05792e+43    -7.36681e+42
    4.21000e+12     1.32306e+43    -2.05777e+43    -7.34702e+42
    4.22000e+12     1.32503e+43    -2.05762e+43    -7.32589e+42
    4.23000e+12     1.32712e+43    -2.05744e+43    -7.30327e+42
    4.24000e+12     1.32930e+43    -2.05727e+43    -7.27968e+42
    4.25000e+12     1.33150e+43    -2.05713e+43    -7.25630e+42
    4.26000e+12     1.33366e+43    -2.05700e+43    -7.23342e+42
    4.27000e+12     1.33575e+43    -2.05687e+43    -7.21129e+42
    4.28000e+12     1.33775e+43    -2.05673e+43    -7.18976e+42
    4.29000e+12     1.33967e+43    -2.05665e+43    -7.16975e+42
    4.30000e+12     1.34149e+43    -2.05650e+43    -7.15007e+42
    4.31000e+12     1.34319e+43    -2.05639e+43    -7.13202e+42
    4.32000e+12     1.34474e+43    -2.05628e+43    -7.11538e+42
    4.33000e+12     1.34611e+43    -2.05617e+43    -7.10067e+42
    4.34000e+12     1.34729e+43    -2.05602e+43    -7.08729e+42
    4.35000e+12     1.34828e+43    -2.05589e+43    -7.07603e+42
    4.36000e+12     1.34912e+43    -2.05579e+43    -7.06671e+42
    4.37000e+12     1.34982e+43    -2.05568e+43    -7.05862e+42
    4.38000e+12     1.35043e+43    -2.05557e+43    -7.05139e+42
    4.39000e+12     1.35101e+43    -2.05549e+43    -7.04480e+42
    4.40000e+12     1.35162e+43    -2.05538e+43    -7.03757e+42
    4.41000e+12     1.35229e+43    -2.05525e+43    -7.02953e+42
    4.42000e+12     1.35304e+43    -2.05512e+43    -7.02087e+42
    4.43000e+12     1.35386e+43    -2.05505e+43    -7.01190e+42
    4.44000e+12     1.35476e+43    -2.05500e+43    -7.00237e+42
    4.45000e+12     1.35574e+43    -2.05494e+43    -6.99201e+42
    4.46000e+12     1.35678e+43    -2.05490e+43    -6.98117e+42
    4.47000e+12     1.35786e+43    -2.05484e+43    -6.96980e+42
    4.48000e+12     1.35900e+43    -2.05481e+43    -6.95816e+42
    4.49000e+12     1.36019e+43    -2.05478e+43    -6.94590e+42
    4.50000e+12     1.36144e+43    -2.05474e+43    -6.93298e+42
    4.51000e+12     1.36275e+43    -2.05474e+43    -6.91990e+42
    4.52000e+12     1.36410e+43    -2.05477e+43    -6.90671e+42
    4.53000e+12     1.36552e+43    -2.05482e+43    -6.89300e+42
    4.54000e+12     1.36700e+43    -2.05486e+43    -6.87859e+42
    4.55000e+12     1.36854e+43    -2.05477e+43    -6.86231e+42
    4.56000e+12     1.37015e+43    -2.05476e+43    -6.84612e+42
    4.57000e+12     1.37184e+43    -2.05476e+43    -6.82919e+42
    4.58000e+12     1.37361e+43    -2.05479e+43    -6.81179e+42
    4.59000e+12     1.37546e+43    -2.05476e+43    -6.79296e+42
    4.60000e+12     1.37741e+43    -2.05478e+43    -6.77373e+42
    4.61000e+12     1.37948e+43    -2.05486e+43    -6.75386e+42
    4.62000e+12     1.38167e+43    -2.05492e+43    -6.73245e+42
    4.63000e+12     1.38400e+43    -2.05495e+43    -6.70950e+42
    4.64000e+12     1.38647e+43    -2.05500e+43    -6.68527e+42
    4.65000e+12     1.38907e+43    -2.05504e+43    -6.65971e+42
    4.66000e+12     1.39178e+43    -2.05511e+43    -6.63331e+42
    4.67000e+12     1.39459e+43    -2.05524e+43    -6.60647e+42
    4.68000e+12     1.39748e+43    -2.05532e+43    -6.57839e+42
    4.69000e+12     1.40043e+43    -2.05539e+43    -6.54956e+42
    4.70000e+12     1.40345e+43    -2.05552e+43    -6.52072e+42
    4.71000e+12     1.40651e+43    -2.05568e+43    -6.49168e+42
    4.72000e+12     1.40962e+43    -2.05577e+43    -6.46150e+42
    4.73000e+12     1.41277e+43    -2.05592e+43    -6.43149e+42
    4.74000e+12     1.41594e+43    -2.05603e+43    -6.40086e+42
    4.75000e+12     1.41912e+43    -2.05624e+43    -6.37123e+42
    4.76000e+12     1.42229e+43    -2.05634e+43    -6.34055e+42
    4.77000e+12     1.42544e+43    -2.05641e+43    -6.30976e+42
    4.78000e+12     1.42857e+43    -2.05650e+43    -6.27931e+42
    4.79000e+12     1.43166e+43    -2.05664e+43    -6.24985e+42
    4.80000e+12     1.43471e+43    -2.05681e+43    -6.22108e+42
    4.81000e+12     1.43771e+43    -2.05699e+43    -6.19277e+42
    4.82000e+12     1.44068e+43    -2.05716e+43    -6.16483e+42
    4.83000e+12     1.44360e+43    -2.05733e+43    -6.13729e+42
    4.84000e+12     1.44647e+43    -2.05750e+43    -6.11025e+42
    4.85000e+12     1.44930e+43    -2.05768e+43    -6.08374e+42
    4.86000e+12     1.45208e+43    -2.05788e+43    -6.05794e+42
    4.87000e+12     1.45480e+43    -2.05810e+43    -6.03304e+42
    4.88000e+12     1.45746e+43    -2.05832e+43    -6.00866e+42
    4.89000e+12     1.46005e+43    -2.05850e+43    -5.98448e+42
    4.90000e+12     1.46259e+43    -2.05874e+43    -5.96157e+42
    4.91000e+12     1.46509e+43    -2.05896e+43    -5.93864e+42
    4.92000e+12     1.46758e+43    -2.05915e+43    -5.91573e+42
    4.93000e+12     1.47005e+43    -2.05939e+43    -5.89341e+42
    4.94000e+12     1.47252e+43    -2.05964e+43    -5.87113e+42
    4.95000e+12     1.47500e+43    -2.05990e+43    -5.84901e+42
    4.96000e+12     1.47746e+43    -2.06009e+43    -5.82634e+42
    4.97000e+12     1.47986e+43    -2.06036e+43    -5.80492e+42
    4.98000e+12     1.48221e+43    -2.06054e+43    -5.78322e+42
    4.99000e+12     1.48451e+43    -2.06073e+43    -5.76219e+42
    5.00000e+12     1.48678e+43    -2.06093e+43    -5.74151e+42
    5.01000e+12     1.48902e+43    -2.06116e+43    -5.72147e+42
    5.02000e+12     1.49126e+43    -2.06139e+43    -5.70137e+42
    5.03000e+12     1.49352e+43    -2.06161e+43    -5.68091e+42
    5.04000e+12     1.49581e+43    -2.06183e+43    -5.66016e+42
    5.05000e+12     1.49812e+43    -2.06213e+43    -5.64014e+42
    5.06000e+12     1.50042e+43    -2.06239e+43    -5.61963e+42
    5.07000e+12     1.50273e+43    -2.06260e+43    -5.59877e+42
    5.08000e+12     1.50503e+43    -2.06288e+43    -5.57847e+42
    5.09000e+12     1.50735e+43    -2.06323e+43    -5.55882e+42
    5.10000e+12     1.50968e+43    -2.06350e+43    -5.53823e+42
    5.11000e+12     1.51204e+43    -2.06391e+43    -5.51873e+42
    5.12000e+12     1.51442e+43    -2.06422e+43    -5.49804e+42
    5.13000e+12     1.51683e+43    -2.06448e+43    -5.47649e+42
    5.14000e+12     1.51926e+43    -2.06481e+43    -5.45550e+42
    5.15000e+12     1.52174e+43    -2.06512e+43    -5.43389e+42
    5.16000e+12     1.52424e+43    -2.06554e+43    -5.41302e+42
    5.17000e+12     1.52678e+43    -2.06586e+43    -5.39079e+42
    5.18000e+12     1.52936e+43    -2.06623e+43    -5.36865e+42
    5.19000e+12     1.53199e+43    -2.06662e+43    -5.34635e+42
    5.20000e+12     1.53467e+43    -2.06701e+43    -5.32336e+42
    5.21000e+12     1.53743e+43    -2.06742e+43    -5.29989e+42
    5.22000e+12     1.54026e+43    -2.06774e+43    -5.27480e+42
    5.23000e+12     1.54318e+43    -2.06808e+43    -5.24904e+42
    5.24000e+12     1.54616e+43    -2.06850e+43    -5.22348e+42
    5.25000e+12     1.54920e+43    -2.06889e+43    -5.19694e+42
    5.26000e+12     1.55231e+43    -2.06927e+43    -5.16959e+42
    5.27000e+12     1.55548e+43    -2.06966e+43    -5.14178e+42
    5.28000e+12     1.55870e+43    -2.07010e+43    -5.11393e+42
    5.29000e+12     1.56196e+43    -2.07049e+43    -5.08524e+42
    5.30000e+12     1.56525e+43    -2.07093e+43    -5.05683e+42
    5.31000e+12     1.56854e+43    -2.07139e+43    -5.02846e+42
    5.32000e+12     1.57182e+43    -2.07181e+43    -4.99991e+42
    5.33000e+12     1.57506e+43    -2.07224e+43    -4.97187e+42
    5.34000e+12     1.57824e+43    -2.07273e+43    -4.94486e+42
    5.35000e+12     1.58136e+43    -2.07319e+43    -4.91830e+42
    5.36000e+12     1.58442e+43    -2.07367e+43    -4.89254e+42
    5.37000e+12     1.58747e+43    -2.07413e+43    -4.86661e+42
    5.38000e+12     1.59050e+43    -2.07458e+43    -4.84082e+42
    5.39000e+12     1.59350e+43    -2.07505e+43    -4.81548e+42
    5.40000e+12     1.59650e+43    -2.07557e+43    -4.79072e+42
    5.41000e+12     1.59953e+43    -2.07606e+43    -4.76532e+42
    5.42000e+12     1.60260e+43    -2.07658e+43    -4.73981e+42
    5.43000e+12     1.60569e+43    -2.07708e+43    -4.71397e+42
    5.44000e+12     1.60882e+43    -2.07758e+43    -4.68762e+42
    5.45000e+12     1.61201e+43    -2.07812e+43    -4.66110e+42
    5.46000e+12     1.61530e+43    -2.07869e+43    -4.63389e+42
    5.47000e+12     1.61868e+43    -2.07929e+43    -4.60610e+42
    5.48000e+12     1.62215e+43    -2.07988e+43    -4.57736e+42
    5.49000e+12     1.62565e+43    -2.08046e+43    -4.54807e+42
    5.50000e+12     1.62918e+43    -2.08105e+43    -4.51861e+42
    5.51000e+12     1.63274e+43    -2.08165e+43    -4.48910e+42
    5.52000e+12     1.63632e+43    -2.08221e+43    -4.45889e+42
    5.53000e+12     1.63996e+43    -2.08282e+43    -4.42866e+42
    5.54000e+12     1.64367e+43    -2.08344e+43    -4.39764e+42
    5.55000e+12     1.64750e+43    -2.08411e+43    -4.36610e+42
    5.56000e+12     1.65144e+43    -2.08474e+43    -4.33309e+42
    5.57000e+12     1.65548e+43    -2.08541e+43    -4.29927e+42
    5.58000e+12     1.65961e+43    -2.08609e+43    -4.26476e+42
    5.59000e+12     1.66383e+43    -2.08682e+43    -4.22994e+42
    5.60000e+12     1.66811e+43    -2.08753e+43    -4.19421e+42
    5.61000e+12     1.67245e+43    -2.08823e+43    -4.15773e+42
    5.62000e+12     1.67684e+43    -2.08896e+43    -4.12119e+42
    5.63000e+12     1.68125e+43    -2.08968e+43    -4.08431e+42
    5.64000e+12     1.68562e+43    -2.09037e+43    -4.04747e+42
    5.65000e+12     1.68992e+43    -2.09109e+43    -4.01166e+42
    5.66000e+12     1.69412e+43    -2.09175e+43    -3.97633e+42
    5.67000e+12     1.69820e+43    -2.09250e+43    -3.94298e+42
    5.68000e+12     1.70217e+43    -2.09324e+43    -3.91074e+42
    5.69000e+12     1.70605e+43    -2.09398e+43    -3.87935e+42
    5.70000e+12     1.70984e+43    -2.09477e+43    -3.84930e+42
    5.71000e+12     1.71356e+43    -2.09561e+43    -3.82048e+42
    5.72000e+12     1.71723e+43    -2.09636e+43    -3.79124e+42
    5.73000e+12     1.72090e+43    -2.09719e+43    -3.76291e+42
    5.74000e+12     1.72459e+43    -2.09807e+43    -3.73479e+42
    5.75000e+12     1.72831e+43    -2.09886e+43    -3.70552e+42
    5.76000e+12     1.73207e+43    -2.09968e+43    -3.67602e+42
    5.77000e+12     1.73589e+43    -2.10055e+43    -3.64659e+42
    5.78000e+12     1.73978e+43    -2.10142e+43    -3.61633e+42
    5.79000e+12     1.74377e+43    -2.10226e+43    -3.58484e+42
    5.80000e+12     1.74787e+43    -2.10313e+43    -3.55257e+42
    5.81000e+12     1.75207e+43    -2.10402e+43    -3.51948e+42
    5.82000e+12     1.75637e+43    -2.10487e+43    -3.48495e+42
    5.83000e+12     1.76076e+43    -2.10574e+43    -3.44983e+42
    5.84000e+12     1.76525e+43    -2.10661e+43    -3.41358e+42
    5.85000e+12     1.76985e+43    -2.10751e+43    -3.37662e+42
    5.86000e+12     1.77452e+43    -2.10845e+43    -3.33924e+42
    5.87000e+12     1.77921e+43    -2.10946e+43    -3.30243e+42
    5.88000e+12     1.78384e+43    -2.11042e+43    -3.26586e+42
    5.89000e+12     1.78834e+43    -2.11138e+43    -3.23049e+42
    5.90000e+12     1.79268e+43    -2.11243e+43    -3.19741e+42
    5.91000e+12     1.79685e+43    -2.11342e+43    -3.16571e+42
    5.92000e+12     1.80081e+43    -2.11441e+43    -3.13597e+42
    5.93000e+12     1.80457e+43    -2.11547e+43    -3.10898e+42
    5.94000e+12     1.80813e+43    -2.11650e+43    -3.08373e+42
    5.95000e+12     1.81154e+43    -2.11749e+43    -3.05947e+42
    5.96000e+12     1.81486e+43    -2.11859e+43    -3.03728e+42
    5.97000e+12     1.81812e+43    -2.11962e+43    -3.01500e+42
    5.98000e+12     1.82136e+43    -2.12109e+43    -2.99735e+42
    5.99000e+12     1.82465e+43    -2.12166e+43    -2.97011e+42
    6.00000e+12     1.82804e+43    -2.12268e+43    -2.94641e+42
    6.01000e+12     1.83155e+43    -2.12370e+43    -2.92157e+42
    6.02000e+12     1.83520e+43    -2.12474e+43    -2.89542e+42
    6.03000e+12     1.83903e+43    -2.12584e+43    -2.86814e+42
    6.04000e+12     1.84306e+43    -2.12691e+43    -2.83855e+42
    6.05000e+12     1.84730e+43    -2.12803e+43    -2.80724e+42
    6.06000e+12     1.85175e+43    -2.12915e+43    -2.77399e+42
    6.07000e+12     1.85638e+43    -2.13027e+43    -2.73892e+42
    6.08000e+12     1.86119e+43    -2.13140e+43    -2.70211e+42
    6.09000e+12     1.86616e+43    -2.13260e+43    -2.66440e+42
    6.10000e+12     1.87125e+43    -2.13387e+43    -2.62623e+42
    6.11000e+12     1.87643e+43    -2.13510e+43    -2.58664e+42
    6.12000e+12     1.88169e+43    -2.13633e+43    -2.54632e+42
    6.13000e+12     1.88705e+43    -2.13758e+43    -2.50528e+42
    6.14000e+12     1.89254e+43    -2.13887e+43    -2.46334e+42
    6.15000e+12     1.89817e+43    -2.14017e+43    -2.41993e+42
    6.16000e+12     1.90395e+43    -2.14144e+43    -2.37485e+42
    6.17000e+12     1.90984e+43    -2.14273e+43    -2.32896e+42
    6.18000e+12     1.91582e+43    -2.14398e+43    -2.28158e+42
    6.19000e+12     1.92196e+43    -2.14531e+43    -2.23349e+42
    6.20000e+12     1.92828e+43    -2.14664e+43    -2.18364e+42
    6.21000e+12     1.93474e+43    -2.14795e+43    -2.13218e+42
    6.22000e+12     1.94131e+43    -2.14929e+43    -2.07973e+42
    6.23000e+12     1.94801e+43    -2.15053e+43    -2.02525e+42
    6.24000e+12     1.95480e+43    -2.15194e+43    -1.97135e+42
    6.25000e+12     1.96165e+43    -2.15328e+43    -1.91631e+42
    6.26000e+12     1.96848e+43    -2.15467e+43    -1.86186e+42
    6.27000e+12     1.97527e+43    -2.15608e+43    -1.80809e+42
    6.28000e+12     1.98199e+43    -2.15756e+43    -1.75567e+42
    6.29000e+12     1.98861e+43    -2.15901e+43    -1.70407e+42
    6.30000e+12     1.99507e+43    -2.16053e+43    -1.65461e+42
    6.31000e+12     2.00135e+43    -2.16207e+43    -1.60715e+42
    6.32000e+12     2.00744e+43    -2.16346e+43    -1.56025e+42
    6.33000e+12     2.01334e+43    -2.16497e+43    -1.51636e+42
    6.34000e+12     2.01909e+43    -2.16648e+43    -1.47391e+42
    6.35000e+12     2.02474e+43    -2.16796e+43    -1.43224e+42
    6.36000e+12     2.03032e+43    -2.16948e+43    -1.39158e+42
    6.37000e+12     2.03590e+43    -2.17104e+43    -1.35139e+42
    6.38000e+12     2.04152e+43    -2.17265e+43    -1.31126e+42
    6.39000e+12     2.04720e+43    -2.17418e+43    -1.26980e+42
    6.40000e+12     2.05293e+43    -2.17571e+43    -1.22784e+42
    6.41000e+12     2.05869e+43    -2.17731e+43    -1.18614e+42
    6.42000e+12     2.06446e+43    -2.17893e+43    -1.14476e+42
    6.43000e+12     2.07019e+43    -2.18054e+43    -1.10348e+42
    6.44000e+12     2.07588e+43    -2.18216e+43    -1.06287e+42
    6.45000e+12     2.08150e+43    -2.18373e+43    -1.02232e+42
    6.46000e+12     2.08701e+43    -2.18527e+43    -9.82540e+41
    6.47000e+12     2.09240e+43    -2.18695e+43    -9.45437e+41
    6.48000e+12     2.09764e+43    -2.18860e+43    -9.09573e+41
    6.49000e+12     2.10267e+43    -2.19016e+43    -8.74839e+41
    6.50000e+12     2.10745e+43    -2.19166e+43    -8.42103e+41
    6.51000e+12     2.11198e+43    -2.19331e+43    -8.13288e+41
    6.52000e+12     2.11632e+43    -2.19495e+43    -7.86236e+41
    6.53000e+12     2.12053e+43    -2.19657e+43    -7.60334e+41
    6.54000e+12     2.12467e+43    -2.19824e+43    -7.35749e+41
    6.55000e+12     2.12879e+43    -2.19997e+43    -7.11737e+41
    6.56000e+12     2.13300e+43    -2.20162e+43    -6.86172e+41
    6.57000e+12     2.13736e+43    -2.20334e+43    -6.59746e+41
    6.58000e+12     2.14192e+43    -2.20503e+43    -6.31107e+41
    6.59000e+12     2.14665e+43    -2.20677e+43    -6.01157e+41
    6.60000e+12     2.15153e+43    -2.20845e+43    -5.69158e+41
    6.61000e+12     2.15657e+43    -2.21018e+43    -5.36125e+41
    6.62000e+12     2.16175e+43    -2.21197e+43    -5.02195e+41
    6.63000e+12     2.16709e+43    -2.21374e+43    -4.66467e+41
    6.64000e+12     2.17261e+43    -2.21555e+43    -4.29368e+41
    6.65000e+12     2.17831e+43    -2.21728e+43    -3.89685e+41
    6.66000e+12     2.18425e+43    -2.21903e+43    -3.47843e+41
    6.67000e+12     2.19042e+43    -2.22080e+43    -3.03810e+41
    6.68000e+12     2.19678e+43    -2.22262e+43    -2.58412e+41
    6.69000e+12     2.20334e+43    -2.22445e+43    -2.11066e+41
    6.70000e+12     2.21010e+43    -2.22632e+43    -1.62221e+41
    6.71000e+12     2.21703e+43    -2.22824e+43    -1.12031e+41
    6.72000e+12     2.22407e+43    -2.23010e+43    -6.03002e+40
    6.73000e+12     2.23112e+43    -2.23204e+43    -9.23872e+39
    6.74000e+12     2.23812e+43    -2.23402e+43     4.09317e+40
    6.75000e+12     2.24499e+43    -2.23607e+43     8.92370e+40
    6.76000e+12     2.25169e+43    -2.23805e+43     1.36362e+41
    6.77000e+12     2.25818e+43    -2.24002e+43     1.81560e+41
    6.78000e+12     2.26444e+43    -2.24202e+43     2.24173e+41
    6.79000e+12     2.27048e+43    -2.24401e+43     2.64640e+41
    6.80000e+12     2.27633e+43    -2.24605e+43     3.02846e+41
    6.81000e+12     2.28202e+43    -2.24803e+43     3.39940e+41
    6.82000e+12     2.28754e+43    -2.24996e+43     3.75865e+41
    6.83000e+12     2.29290e+43    -2.25197e+43     4.09220e+41
    6.84000e+12     2.29811e+43    -2.25396e+43     4.41585e+41
    6.85000e+12     2.30324e+43    -2.25589e+43     4.73560e+41
    6.86000e+12     2.30833e+43    -2.25769e+43     5.06492e+41
    6.87000e+12     2.31342e+43    -2.25957e+43     5.38523e+41
    6.88000e+12     2.31851e+43    -2.26153e+43     5.69822e+41
    6.89000e+12     2.32361e+43    -2.26355e+43     6.00561e+41
    6.90000e+12     2.32871e+43    -2.26564e+43     6.30670e+41
    6.91000e+12     2.33381e+43    -2.26754e+43     6.62695e+41
    6.92000e+12     2.33891e+43    -2.26960e+43     6.93061e+41
    6.93000e+12     2.34403e+43    -2.27146e+43     7.25723e+41
    6.94000e+12     2.34920e+43    -2.27347e+43     7.57321e+41
    6.95000e+12     2.35446e+43    -2.27546e+43     7.89959e+41
    6.96000e+12     2.35981e+43    -2.27740e+43     8.24117e+41
    6.97000e+12     2.36526e+43    -2.27946e+43     8.58058e+41
    6.98000e+12     2.37083e+43    -2.28132e+43     8.95135e+41
    6.99000e+12     2.37651e+43    -2.28324e+43     9.32663e+41
    7.00000e+12     2.38232e+43    -2.28521e+43     9.71121e+41
    7.01000e+12     2.38830e+43    -2.28721e+43     1.01089e+42
    7.02000e+12     2.39441e+43    -2.28918e+43     1.05228e+42
    7.03000e+12     2.40064e+43    -2.29118e+43     1.09458e+42
    7.04000e+12     2.40696e+43    -2.29319e+43     1.13775e+42
    7.05000e+12     2.41333e+43    -2.29508e+43     1.18247e+42
    7.06000e+12     2.41967e+43    -2.29703e+43     1.22644e+42
    7.07000e+12     2.42593e+43    -2.29899e+43     1.26945e+42
    7.08000e+12     2.43205e+43    -2.30096e+43     1.31099e+42
    7.09000e+12     2.43801e+43    -2.30289e+43     1.35120e+42
    7.10000e+12     2.44378e+43    -2.30478e+43     1.39004e+42
    7.11000e+12     2.44934e+43    -2.30677e+43     1.42568e+42
    7.12000e+12     2.45464e+43    -2.30882e+43     1.45817e+42
    7.13000e+12     2.45965e+43    -2.31071e+43     1.48941e+42
    7.14000e+12     2.46441e+43    -2.31261e+43     1.51804e+42
    7.15000e+12     2.46894e+43    -2.31457e+43     1.54371e+42
    7.16000e+12     2.47323e+43    -2.31638e+43     1.56843e+42
    7.17000e+12     2.47730e+43    -2.31818e+43     1.59112e+42
    7.18000e+12     2.48116e+43    -2.32012e+43     1.61041e+42
    7.19000e+12     2.48482e+43    -2.32187e+43     1.62945e+42
    7.20000e+12     2.48829e+43    -2.32371e+43     1.64577e+42
    7.21000e+12     2.49159e+43    -2.32546e+43     1.66125e+42
    7.22000e+12     2.49471e+43    -2.32714e+43     1.67572e+42
    7.23000e+12     2.49767e+43    -2.32884e+43     1.68830e+42
    7.24000e+12     2.50045e+43    -2.33056e+43     1.69889e+42
    7.25000e+12     2.50305e+43    -2.33226e+43     1.70799e+42
    7.26000e+12     2.50552e+43    -2.33384e+43     1.71684e+42
    7.27000e+12     2.50789e+43    -2.33543e+43     1.72467e+42
    7.28000e+12     2.51021e+43    -2.33705e+43     1.73161e+42
    7.29000e+12     2.51250e+43    -2.33856e+43     1.73933e+42
    7.30000e+12     2.51475e+43    -2.34013e+43     1.74614e+42
    7.31000e+12     2.51699e+43    -2.34171e+43     1.75287e+42
    7.32000e+12     2.51927e+43    -2.34331e+43     1.75961e+42
    7.33000e+12     2.52159e+43    -2.34493e+43     1.76661e+42
    7.34000e+12     2.52390e+43    -2.34647e+43     1.77435e+42
    7.35000e+12     2.52619e+43    -2.34802e+43     1.78170e+42
    7.36000e+12     2.52845e+43    -2.34946e+43     1.78989e+42
    7.37000e+12     2.53069e+43    -2.35103e+43     1.79662e+42
    7.38000e+12     2.53290e+43    -2.35240e+43     1.80500e+42
    7.39000e+12     2.53507e+43    -2.35372e+43     1.81346e+42
    7.40000e+12     2.53717e+43    -2.35508e+43     1.82087e+42
    7.41000e+12     2.53920e+43    -2.35643e+43     1.82776e+42
    7.42000e+12     2.54119e+43    -2.35775e+43     1.83437e+42
    7.43000e+12     2.54316e+43    -2.35916e+43     1.83992e+42
    7.44000e+12     2.54511e+43    -2.36041e+43     1.84697e+42
    7.45000e+12     2.54706e+43    -2.36178e+43     1.85277e+42
    7.46000e+12     2.54902e+43    -2.36307e+43     1.85952e+42
    7.47000e+12     2.55104e+43    -2.36438e+43     1.86660e+42
    7.48000e+12     2.55314e+43    -2.36569e+43     1.87460e+42
    7.49000e+12     2.55533e+43    -2.36705e+43     1.88280e+42
    7.50000e+12     2.55762e+43    -2.36825e+43     1.89360e+42
    7.51000e+12     2.55997e+43    -2.36951e+43     1.90461e+42
    7.52000e+12     2.56232e+43    -2.37077e+43     1.91556e+42
    7.53000e+12     2.56463e+43    -2.37204e+43     1.92582e+42
    7.54000e+12     2.56683e+43    -2.37326e+43     1.93562e+42
    7.55000e+12     2.56888e+43    -2.37451e+43     1.94367e+42
    7.56000e+12     2.57077e+43    -2.37580e+43     1.94970e+42
    7.57000e+12     2.57250e+43    -2.37689e+43     1.95614e+42
    7.58000e+12     2.57405e+43    -2.37790e+43     1.96155e+42
    7.59000e+12     2.57542e+43    -2.37903e+43     1.96387e+42
    7.60000e+12     2.57665e+43    -2.38010e+43     1.96543e+42
    7.61000e+12     2.57777e+43    -2.38123e+43     1.96543e+42
    7.62000e+12     2.57877e+43    -2.38238e+43     1.96396e+42
    7.63000e+12     2.57959e+43    -2.38344e+43     1.96151e+42
    7.64000e+12     2.58023e+43    -2.38446e+43     1.95765e+42
    7.65000e+12     2.58067e+43    -2.38551e+43     1.95167e+42
    7.66000e+12     2.58089e+43    -2.38656e+43     1.94331e+42
    7.67000e+12     2.58091e+43    -2.38751e+43     1.93394e+42
    7.68000e+12     2.58077e+43    -2.38847e+43     1.92303e+42
    7.69000e+12     2.58053e+43    -2.38943e+43     1.91098e+42
    7.70000e+12     2.58019e+43    -2.39046e+43     1.89732e+42
    7.71000e+12     2.57978e+43    -2.39139e+43     1.88394e+42
    7.72000e+12     2.57940e+43    -2.39237e+43     1.87029e+42
    7.73000e+12     2.57910e+43    -2.39334e+43     1.85758e+42
    7.74000e+12     2.57892e+43    -2.39420e+43     1.84714e+42
    7.75000e+12     2.57888e+43    -2.39513e+43     1.83749e+42
    7.76000e+12     2.57900e+43    -2.39608e+43     1.82923e+42
    7.77000e+12     2.57929e+43    -2.39680e+43     1.82484e+42
    7.78000e+12     2.57971e+43    -2.39768e+43     1.82031e+42
    7.79000e+12     2.58020e+43    -2.39848e+43     1.81722e+42
    7.80000e+12     2.58075e+43    -2.39939e+43     1.81369e+42
    7.81000e+12     2.58135e+43    -2.40022e+43     1.81121e+42
    7.82000e+12     2.58194e+43    -2.40094e+43     1.81008e+42
    7.83000e+12     2.58251e+43    -2.40164e+43     1.80866e+42
    7.84000e+12     2.58299e+43    -2.40246e+43     1.80529e+42
    7.85000e+12     2.58334e+43    -2.40325e+43     1.80089e+42
    7.86000e+12     2.58353e+43    -2.40412e+43     1.79411e+42
    7.87000e+12     2.58357e+43    -2.40484e+43     1.78730e+42
    7.88000e+12     2.58347e+43    -2.40559e+43     1.77878e+42
    7.89000e+12     2.58324e+43    -2.40635e+43     1.76887e+42
    7.90000e+12     2.58292e+43    -2.40694e+43     1.75975e+42
    7.91000e+12     2.58254e+43    -2.40758e+43     1.74961e+42
    7.92000e+12     2.58217e+43    -2.40819e+43     1.73982e+42
    7.93000e+12     2.58187e+43    -2.40883e+43     1.73040e+42
    7.94000e+12     2.58163e+43    -2.40941e+43     1.72216e+42
    7.95000e+12     2.58145e+43    -2.40991e+43     1.71535e+42
    7.96000e+12     2.58133e+43    -2.41041e+43     1.70920e+42
    7.97000e+12     2.58127e+43    -2.41096e+43     1.70310e+42
    7.98000e+12     2.58127e+43    -2.41140e+43     1.69875e+42
    7.99000e+12     2.58134e+43    -2.41191e+43     1.69435e+42
    8.00000e+12     2.58146e+43    -2.41247e+43     1.68987e+42
    8.01000e+12     2.58162e+43    -2.41300e+43     1.68613e+42
    8.02000e+12     2.58185e+43    -2.41355e+43     1.68292e+42
    8.03000e+12     2.58215e+43    -2.41397e+43     1.68180e+42
    8.04000e+12     2.58253e+43    -2.41453e+43     1.67994e+42
    8.05000e+12     2.58300e+43    -2.41512e+43     1.67879e+42
    8.06000e+12     2.58352e+43    -2.41561e+43     1.67910e+42
    8.07000e+12     2.58404e+43    -2.41595e+43     1.68090e+42
    8.08000e+12     2.58452e+43    -2.41647e+43     1.68047e+42
    8.09000e+12     2.58494e+43    -2.41684e+43     1.68102e+42
    8.10000e+12     2.58532e+43    -2.41728e+43     1.68046e+42
    8.11000e+12     2.58565e+43    -2.41773e+43     1.67926e+42
    8.12000e+12     2.58593e+43    -2.41813e+43     1.67801e+42
    8.13000e+12     2.58616e+43    -2.41851e+43     1.67648e+42
    8.14000e+12     2.58635e+43    -2.41884e+43     1.67510e+42
    8.15000e+12     2.58652e+43    -2.41924e+43     1.67286e+42
    8.16000e+12     2.58669e+43    -2.41958e+43     1.67113e+42
    8.17000e+12     2.58685e+43    -2.41994e+43     1.66912e+42
    8.18000e+12     2.58701e+43    -2.42038e+43     1.66621e+42
    8.19000e+12     2.58714e+43    -2.42066e+43     1.66483e+42
    8.20000e+12     2.58728e+43    -2.42088e+43     1.66401e+42
    8.21000e+12     2.58743e+43    -2.42111e+43     1.66316e+42
    8.22000e+12     2.58759e+43    -2.42136e+43     1.66235e+42
    8.23000e+12     2.58775e+43    -2.42160e+43     1.66149e+42
    8.24000e+12     2.58787e+43    -2.42187e+43     1.66007e+42
    8.25000e+12     2.58799e+43    -2.42205e+43     1.65938e+42
    8.26000e+12     2.58810e+43    -2.42210e+43     1.66008e+42
    8.27000e+12     2.58816e+43    -2.42217e+43     1.65988e+42
    8.28000e+12     2.58813e+43    -2.42229e+43     1.65834e+42
    8.29000e+12     2.58800e+43    -2.42241e+43     1.65588e+42
    8.30000e+12     2.58781e+43    -2.42258e+43     1.65230e+42
    8.31000e+12     2.58754e+43    -2.42268e+43     1.64859e+42
    8.32000e+12     2.58719e+43    -2.42280e+43     1.64388e+42
    8.33000e+12     2.58677e+43    -2.42292e+43     1.63853e+42
    8.34000e+12     2.58626e+43    -2.42306e+43     1.63192e+42
    8.35000e+12     2.58558e+43    -2.42305e+43     1.62529e+42
    8.36000e+12     2.58470e+43    -2.42309e+43     1.61613e+42
    8.37000e+12     2.58364e+43    -2.42321e+43     1.60429e+42
    8.38000e+12     2.58240e+43    -2.42314e+43     1.59252e+42
    8.39000e+12     2.58099e+43    -2.42303e+43     1.57955e+42
    8.40000e+12     2.57942e+43    -2.42297e+43     1.56454e+42
    8.41000e+12     2.57768e+43    -2.42283e+43     1.54854e+42
    8.42000e+12     2.57579e+43    -2.42278e+43     1.53007e+42
    8.43000e+12     2.57379e+43    -2.42277e+43     1.51018e+42
    8.44000e+12     2.57171e+43    -2.42274e+43     1.48973e+42
    8.45000e+12     2.56957e+43    -2.42266e+43     1.46915e+42
    8.46000e+12     2.56738e+43    -2.42251e+43     1.44871e+42
    8.47000e+12     2.56515e+43    -2.42243e+43     1.42715e+42
    8.48000e+12     2.56292e+43    -2.42231e+43     1.40614e+42
    8.49000e+12     2.56078e+43    -2.42221e+43     1.38568e+42
    8.50000e+12     2.55878e+43    -2.42203e+43     1.36749e+42
    8.51000e+12     2.55696e+43    -2.42187e+43     1.35092e+42
    8.52000e+12     2.55531e+43    -2.42165e+43     1.33662e+42
    8.53000e+12     2.55381e+43    -2.42142e+43     1.32397e+42
    8.54000e+12     2.55244e+43    -2.42122e+43     1.31218e+42
    8.55000e+12     2.55118e+43    -2.42121e+43     1.29964e+42
    8.56000e+12     2.55003e+43    -2.42115e+43     1.28880e+42
    8.57000e+12     2.54899e+43    -2.42097e+43     1.28023e+42
    8.58000e+12     2.54802e+43    -2.42079e+43     1.27232e+42
    8.59000e+12     2.54709e+43    -2.42066e+43     1.26427e+42
    8.60000e+12     2.54617e+43    -2.42057e+43     1.25597e+42
    8.61000e+12     2.54522e+43    -2.42035e+43     1.24869e+42
    8.62000e+12     2.54426e+43    -2.42020e+43     1.24057e+42
    8.63000e+12     2.54326e+43    -2.42009e+43     1.23165e+42
    8.64000e+12     2.54222e+43    -2.41994e+43     1.22279e+42
    8.65000e+12     2.54116e+43    -2.41980e+43     1.21359e+42
    8.66000e+12     2.54013e+43    -2.41969e+43     1.20438e+42
    8.67000e+12     2.53916e+43    -2.41947e+43     1.19687e+42
    8.68000e+12     2.53828e+43    -2.41932e+43     1.18958e+42
    8.69000e+12     2.53748e+43    -2.41918e+43     1.18302e+42
    8.70000e+12     2.53676e+43    -2.41901e+43     1.17748e+42
    8.71000e+12     2.53605e+43    -2.41885e+43     1.17197e+42
    8.72000e+12     2.53530e+43    -2.41866e+43     1.16639e+42
    8.73000e+12     2.53447e+43    -2.41851e+43     1.15963e+42
    8.74000e+12     2.53358e+43    -2.41834e+43     1.15240e+42
    8.75000e+12     2.53263e+43    -2.41817e+43     1.14460e+42
    8.76000e+12     2.53167e+43    -2.41816e+43     1.13511e+42
    8.77000e+12     2.53071e+43    -2.41794e+43     1.12776e+42
    8.78000e+12     2.52975e+43    -2.41773e+43     1.12013e+42
    8.79000e+12     2.52873e+43    -2.41755e+43     1.11185e+42
    8.80000e+12     2.52769e+43    -2.41741e+43     1.10280e+42
    8.81000e+12     2.52669e+43    -2.41721e+43     1.09478e+42
    8.82000e+12     2.52577e+43    -2.41704e+43     1.08726e+42
    8.83000e+12     2.52495e+43    -2.41695e+43     1.07998e+42
    8.84000e+12     2.52430e+43    -2.41675e+43     1.07542e+42
    8.85000e+12     2.52391e+43    -2.41658e+43     1.07330e+42
    8.86000e+12     2.52383e+43    -2.41640e+43     1.07435e+42
    8.87000e+12     2.52409e+43    -2.41632e+43     1.07774e+42
    8.88000e+12     2.52466e+43    -2.41614e+43     1.08519e+42
    8.89000e+12     2.52551e+43    -2.41597e+43     1.09541e+42
    8.90000e+12     2.52660e+43    -2.41581e+43     1.10788e+42
    8.91000e+12     2.52791e+43    -2.41574e+43     1.12172e+42
    8.92000e+12     2.52939e+43    -2.41563e+43     1.13768e+42
    8.93000e+12     2.53099e+43    -2.41545e+43     1.15536e+42
    8.94000e+12     2.53265e+43    -2.41531e+43     1.17344e+42
    8.95000e+12     2.53434e+43    -2.41516e+43     1.19178e+42
    8.96000e+12     2.53600e+43    -2.41498e+43     1.21017e+42
    8.97000e+12     2.53761e+43    -2.41488e+43     1.22721e+42
    8.98000e+12     2.53914e+43    -2.41472e+43     1.24423e+42
    8.99000e+12     2.54057e+43    -2.41462e+43     1.25949e+42
    9.00000e+12     2.54182e+43    -2.41444e+43     1.27375e+42
    9.01000e+12     2.54277e+43    -2.41429e+43     1.28483e+42
    9.02000e+12     2.54331e+43    -2.41413e+43     1.29178e+42
    9.03000e+12     2.54337e+43    -2.41385e+43     1.29519e+42
    9.04000e+12     2.54297e+43    -2.41353e+43     1.29441e+42
    9.05000e+12     2.54214e+43    -2.41330e+43     1.28840e+42
    9.06000e+12     2.54088e+43    -2.41289e+43     1.27990e+42
    9.07000e+12     2.53921e+43    -2.41256e+43     1.26653e+42
    9.08000e+12     2.53719e+43    -2.41215e+43     1.25042e+42
    9.09000e+12     2.53486e+43    -2.41176e+43     1.23099e+42
    9.10000e+12     2.53231e+43    -2.41144e+43     1.20879e+42
    9.11000e+12     2.52960e+43    -2.41113e+43     1.18467e+42
    9.12000e+12     2.52677e+43    -2.41077e+43     1.15996e+42
    9.13000e+12     2.52391e+43    -2.41040e+43     1.13515e+42
    9.14000e+12     2.52113e+43    -2.41002e+43     1.11113e+42
    9.15000e+12     2.51847e+43    -2.40967e+43     1.08803e+42
    9.16000e+12     2.51593e+43    -2.40929e+43     1.06640e+42
    9.17000e+12     2.51346e+43    -2.40882e+43     1.04639e+42
    9.18000e+12     2.51106e+43    -2.40842e+43     1.02647e+42
    9.19000e+12     2.50879e+43    -2.40809e+43     1.00696e+42
    9.20000e+12     2.50667e+43    -2.40760e+43     9.90683e+41
    9.21000e+12     2.50470e+43    -2.40708e+43     9.76184e+41
    9.22000e+12     2.50294e+43    -2.40656e+43     9.63723e+41
    9.23000e+12     2.50138e+43    -2.40607e+43     9.53097e+41
    9.24000e+12     2.50002e+43    -2.40557e+43     9.44509e+41
    9.25000e+12     2.49884e+43    -2.40502e+43     9.38198e+41
    9.26000e+12     2.49784e+43    -2.40455e+43     9.32980e+41
    9.27000e+12     2.49702e+43    -2.40410e+43     9.29252e+41
    9.28000e+12     2.49632e+43    -2.40369e+43     9.26326e+41
    9.29000e+12     2.49571e+43    -2.40324e+43     9.24674e+41
    9.30000e+12     2.49515e+43    -2.40287e+43     9.22805e+41
    9.31000e+12     2.49459e+43    -2.40246e+43     9.21247e+41
    9.32000e+12     2.49397e+43    -2.40210e+43     9.18698e+41
    9.33000e+12     2.49329e+43    -2.40168e+43     9.16122e+41
    9.34000e+12     2.49251e+43    -2.40122e+43     9.12846e+41
    9.35000e+12     2.49159e+43    -2.40072e+43     9.08709e+41
    9.36000e+12     2.49058e+43    -2.40029e+43     9.02832e+41
    9.37000e+12     2.48952e+43    -2.39981e+43     8.97054e+41
    9.38000e+12     2.48846e+43    -2.39938e+43     8.90810e+41
    9.39000e+12     2.48746e+43    -2.39895e+43     8.85073e+41
    9.40000e+12     2.48655e+43    -2.39849e+43     8.80653e+41
    9.41000e+12     2.48573e+43    -2.39813e+43     8.75990e+41
    9.42000e+12     2.48498e+43    -2.39781e+43     8.71713e+41
    9.43000e+12     2.48430e+43    -2.39743e+43     8.68711e+41
    9.44000e+12     2.48368e+43    -2.39705e+43     8.66399e+41
    9.45000e+12     2.48307e+43    -2.39652e+43     8.65483e+41
    9.46000e+12     2.48237e+43    -2.39610e+43     8.62691e+41
    9.47000e+12     2.48153e+43    -2.39571e+43     8.58240e+41
    9.48000e+12     2.48048e+43    -2.39528e+43     8.51996e+41
    9.49000e+12     2.47919e+43    -2.39490e+43     8.42976e+41
    9.50000e+12     2.47771e+43    -2.39452e+43     8.31960e+41
    9.51000e+12     2.47609e+43    -2.39408e+43     8.20076e+41
    9.52000e+12     2.47439e+43    -2.39375e+43     8.06391e+41
    9.53000e+12     2.47266e+43    -2.39343e+43     7.92354e+41
    9.54000e+12     2.47098e+43    -2.39318e+43     7.78081e+41
    9.55000e+12     2.46943e+43    -2.39277e+43     7.66601e+41
    9.56000e+12     2.46804e+43    -2.39241e+43     7.56295e+41
    9.57000e+12     2.46678e+43    -2.39193e+43     7.48457e+41
    9.58000e+12     2.46569e+43    -2.39146e+43     7.42227e+41
    9.59000e+12     2.46476e+43    -2.39107e+43     7.36922e+41
    9.60000e+12     2.46393e+43    -2.39071e+43     7.32230e+41
    9.61000e+12     2.46310e+43    -2.39026e+43     7.28370e+41
    9.62000e+12     2.46221e+43    -2.38986e+43     7.23549e+41
    9.63000e+12     2.46124e+43    -2.38951e+43     7.17345e+41
    9.64000e+12     2.46019e+43    -2.38911e+43     7.10843e+41
    9.65000e+12     2.45905e+43    -2.38871e+43     7.03405e+41
    9.66000e+12     2.45780e+43    -2.38834e+43     6.94672e+41
    9.67000e+12     2.45647e+43    -2.38794e+43     6.85298e+41
    9.68000e+12     2.45509e+43    -2.38747e+43     6.76165e+41
    9.69000e+12     2.45377e+43    -2.38703e+43     6.67359e+41
    9.70000e+12     2.45256e+43    -2.38668e+43     6.58773e+41
    9.71000e+12     2.45149e+43    -2.38636e+43     6.51287e+41
    9.72000e+12     2.45062e+43    -2.38599e+43     6.46327e+41
    9.73000e+12     2.44995e+43    -2.38559e+43     6.43606e+41
    9.74000e+12     2.44948e+43    -2.38517e+43     6.43123e+41
    9.75000e+12     2.44922e+43    -2.38484e+43     6.43794e+41
    9.76000e+12     2.44916e+43    -2.38453e+43     6.46277e+41
    9.77000e+12     2.44926e+43    -2.38414e+43     6.51179e+41
    9.78000e+12     2.44948e+43    -2.38378e+43     6.57026e+41
    9.79000e+12     2.44979e+43    -2.38335e+43     6.64377e+41
    9.80000e+12     2.45014e+43    -2.38306e+43     6.70808e+41
    9.81000e+12     2.45053e+43    -2.38280e+43     6.77335e+41
    9.82000e+12     2.45099e+43    -2.38251e+43     6.84769e+41
    9.83000e+12     2.45146e+43    -2.38213e+43     6.93287e+41
    9.84000e+12     2.45189e+43    -2.38186e+43     7.00345e+41
    9.85000e+12     2.45221e+43    -2.38151e+43     7.06966e+41
    9.86000e+12     2.45237e+43    -2.38138e+43     7.09912e+41
    9.87000e+12     2.45237e+43    -2.38083e+43     7.15445e+41
    9.88000e+12     2.45218e+43    -2.38047e+43     7.17087e+41
    9.89000e+12     2.45178e+43    -2.38004e+43     7.17464e+41
    9.90000e+12     2.45121e+43    -2.37961e+43     7.15996e+41
    9.91000e+12     2.45045e+43    -2.37920e+43     7.12520e+41
    9.92000e+12     2.44952e+43    -2.37879e+43     7.07260e+41
    9.93000e+12     2.44840e+43    -2.37843e+43     6.99702e+41
    9.94000e+12     2.44712e+43    -2.37801e+43     6.91109e+41
    9.95000e+12     2.44572e+43    -2.37775e+43     6.79679e+41
    9.96000e+12     2.44420e+43    -2.37721e+43     6.69850e+41
    9.97000e+12     2.44259e+43    -2.37689e+43     6.56991e+41
    9.98000e+12     2.44098e+43    -2.37662e+43     6.43654e+41
    9.99000e+12     2.43946e+43    -2.37618e+43     6.32790e+41
    1.00000e+13     2.43805e+43    -2.37580e+43     6.22500e+41
    1.00100e+13     2.43674e+43    -2.37545e+43     6.12845e+41
